2.581362918802723925e+03
2.581362918802723925e+03
2.581362918802723925e+03
2.580392227249570624e+03
2.580392227249570624e+03
2.580176188917730542e+03
2.579798150742363759e+03
2.579798150742363759e+03
2.581577772823518899e+03
2.581577772823518899e+03
2.581577772823518899e+03
2.582464734901208431e+03
2.580878419431669954e+03
2.580878419431669954e+03
2.580878419431669954e+03
2.588777075545564003e+03
2.588777075545564003e+03
2.584010039787320693e+03
2.583381680388130007e+03
2.583169344849426125e+03
2.578831141183437921e+03
2.578831141183437921e+03
2.578831141183437921e+03
2.578831141183437921e+03
2.579226652244091838e+03
2.579226652244091838e+03
2.579226652244091838e+03
2.579226652244091838e+03
2.579226652244091838e+03
2.579226652244091838e+03
2.583193256055883467e+03
2.583193256055883467e+03
2.583193256055883467e+03
2.583193256055883467e+03
2.577923012409937201e+03
2.577923012409937201e+03
2.577923012409937201e+03
2.577923012409937201e+03
2.577923012409937201e+03
2.578357600014586296e+03
2.578357600014586296e+03
2.579546957612238657e+03
2.579546957612238657e+03
2.579546957612238657e+03
2.579546957612238657e+03
2.578859679727679577e+03
2.577151904679319159e+03
2.577151904679319159e+03
2.577151904679319159e+03
2.578707451288371431e+03
2.578707451288371431e+03
2.578309049449771919e+03
2.578309049449771919e+03
2.577208039238817946e+03
2.577208039238817946e+03
2.577208039238817946e+03
2.577208039238817946e+03
2.577208039238817946e+03
2.577208039238817946e+03
2.577208039238817946e+03
2.577208039238817946e+03
2.577208039238817946e+03
2.577208039238817946e+03
2.580275193292971835e+03
2.578590882408673679e+03
2.578590882408673679e+03
2.578590882408673679e+03
2.578755216742777520e+03
2.578755216742777520e+03
2.578755216742777520e+03
2.578755216742777520e+03
2.580255487997193086e+03
2.580255487997193086e+03
2.580790825137978572e+03
2.580790825137978572e+03
2.580741051146443169e+03
2.580218543845910972e+03
2.580218543845910972e+03
2.580218543845910972e+03
2.580218543845910972e+03
2.580218543845910972e+03
2.581775392313573320e+03
2.581775392313573320e+03
2.581487763109552361e+03
2.582234254149444496e+03
2.579916044924522339e+03
2.579911831674499808e+03
2.579911831674499808e+03
2.579911831674499808e+03
2.579911831674499808e+03
2.579911831674499808e+03
2.579911831674499808e+03
2.579911831674499808e+03
2.579911831674499808e+03
2.579911831674499808e+03
2.580393265134805461e+03
2.577373423696537429e+03
2.577373423696537429e+03
2.578961045042809019e+03
2.578961045042809019e+03
2.578863079182703586e+03
2.578863079182703586e+03
2.579976163392321723e+03
2.579976163392321723e+03
2.579189995744840417e+03
2.584200102259337655e+03
2.584200102259337655e+03
2.584200102259337655e+03
2.584200102259337655e+03
2.584200102259337655e+03
2.579958529575804732e+03
2.579368012340992209e+03
2.579368012340992209e+03
2.579368012340992209e+03
2.579368012340992209e+03
2.579368012340992209e+03
2.579368012340992209e+03
2.579368012340992209e+03
2.579368012340992209e+03
2.579368012340992209e+03
2.581549861788610542e+03
2.581549861788610542e+03
2.581549861788610542e+03
2.581549861788610542e+03
2.584431468533491170e+03
2.584431468533491170e+03
2.584431468533491170e+03
2.584431468533491170e+03
2.584431468533491170e+03
2.584431468533491170e+03
2.583259429332335458e+03
2.583913497896520312e+03
2.583913497896520312e+03
2.583913497896520312e+03
2.581835204597201937e+03
2.581835204597201937e+03
2.581835204597201937e+03
2.581012417935247413e+03
2.581012417935247413e+03
2.581012417935247413e+03
2.581012417935247413e+03
2.581012417935247413e+03
2.581012417935247413e+03
2.581012417935247413e+03
2.581012417935247413e+03
2.581012417935247413e+03
2.581197513467349381e+03
2.581197513467349381e+03
2.581197513467349381e+03
2.581197513467349381e+03
2.582004241430930051e+03
2.582004241430930051e+03
2.582004241430930051e+03
2.581651586648195007e+03
2.581651586648195007e+03
2.581651586648195007e+03
2.581651586648195007e+03
2.587887077154541657e+03
2.587887077154541657e+03
2.592356641218879304e+03
2.592356641218879304e+03
2.592356641218879304e+03
2.592356641218879304e+03
2.581215927786273824e+03
2.581215927786273824e+03
2.581215927786273824e+03
2.580686601504598002e+03
2.580686601504598002e+03
2.580686601504598002e+03
2.580686601504598002e+03
2.582228371812848309e+03
2.582228371812848309e+03
2.582228371812848309e+03
2.582228371812848309e+03
2.582094870318771427e+03
2.582473572908194001e+03
2.582473572908194001e+03
2.582473572908194001e+03
2.585280020890262222e+03
2.585280020890262222e+03
2.585280020890262222e+03
2.585280020890262222e+03
2.583153262802677546e+03
2.583153262802677546e+03
2.583270187629695556e+03
2.583270187629695556e+03
2.583270187629695556e+03
2.586728008847698220e+03
2.586728008847698220e+03
2.586728008847698220e+03
2.586728008847698220e+03
2.591279926821022855e+03
2.592558765851639691e+03
2.587882920414629098e+03
2.587882920414629098e+03
2.587882920414629098e+03
2.587882920414629098e+03
2.587882920414629098e+03
2.587882920414629098e+03
2.587882920414629098e+03
2.587882920414629098e+03
2.587882920414629098e+03
2.591106517960500696e+03
2.591106517960500696e+03
2.591106517960500696e+03
2.591106517960500696e+03
2.591106517960500696e+03
2.588356486873299673e+03
2.588356486873299673e+03
2.588356486873299673e+03
2.588356486873299673e+03
2.588356486873299673e+03
2.588356486873299673e+03
2.588356486873299673e+03
2.587229015885893659e+03
2.587229015885893659e+03
2.587115288806824537e+03
2.587956055019043106e+03
2.588866772754093745e+03
2.588866772754093745e+03
2.588866772754093745e+03
2.588866772754093745e+03
2.588866772754093745e+03
2.588866772754093745e+03
2.588866772754093745e+03
2.588866772754093745e+03
2.588866772754093745e+03
2.590392125981074059e+03
2.590392125981074059e+03
2.590392125981074059e+03
2.592454402082326396e+03
2.592454402082326396e+03
2.592454402082326396e+03
2.592454402082326396e+03
2.592454402082326396e+03
2.592454402082326396e+03
2.592454402082326396e+03
2.592454402082326396e+03
2.592454402082326396e+03
2.592454402082326396e+03
2.592454402082326396e+03
2.595211493813206744e+03
2.595211493813206744e+03
2.595211493813206744e+03
2.595211493813206744e+03
2.595211493813206744e+03
2.595211493813206744e+03
2.595211493813206744e+03
2.595211493813206744e+03
2.595211493813206744e+03
2.595211493813206744e+03
2.595211493813206744e+03
2.595211493813206744e+03
2.591917344946906269e+03
2.591917344946906269e+03
2.591917344946906269e+03
2.591917344946906269e+03
2.592591074188446783e+03
2.592591074188446783e+03
2.592591074188446783e+03
2.590754933386194352e+03
2.590754933386194352e+03
2.590754933386194352e+03
2.590754933386194352e+03
2.590754933386194352e+03
2.590063529083796311e+03
2.590063529083796311e+03
2.590063529083796311e+03
2.590063529083796311e+03
2.590063529083796311e+03
2.590063529083796311e+03
2.590217626097214634e+03
2.590217626097214634e+03
2.585635140734706056e+03
2.585635140734706056e+03
2.585635140734706056e+03
2.585635140734706056e+03
2.585635140734706056e+03
2.585635140734706056e+03
2.585635140734706056e+03
2.585635140734706056e+03
2.585635140734706056e+03
2.585635140734706056e+03
2.585635140734706056e+03
2.585635140734706056e+03
2.585635140734706056e+03
2.585635140734706056e+03
2.585635140734706056e+03
2.585905691807593030e+03
2.585905691807593030e+03
2.585905691807593030e+03
2.586182004305982446e+03
2.586182004305982446e+03
2.586182004305982446e+03
2.586182004305982446e+03
2.585177647867602900e+03
2.585177647867602900e+03
2.585177647867602900e+03
2.585177647867602900e+03
2.585177647867602900e+03
2.585177647867602900e+03
2.585177647867602900e+03
2.585177647867602900e+03
2.585177647867602900e+03
2.585177647867602900e+03
2.585177647867602900e+03
2.585177647867602900e+03
2.585177647867602900e+03
2.585177647867602900e+03
2.585177647867602900e+03
2.585177647867602900e+03
2.585177647867602900e+03
2.585177647867602900e+03
2.585177647867602900e+03
2.585177647867602900e+03
2.585177647867602900e+03
2.585177647867602900e+03
2.585177647867602900e+03
2.586866342630048621e+03
2.586866342630048621e+03
2.586866342630048621e+03
2.585496773447611304e+03
2.585496773447611304e+03
2.585496773447611304e+03
2.585496773447611304e+03
2.585496773447611304e+03
2.585496773447611304e+03
2.586803323623591041e+03
2.586803323623591041e+03
2.586803323623591041e+03
2.583155391522295304e+03
2.583155391522295304e+03
2.581788897590607121e+03
2.581788897590607121e+03
2.581788897590607121e+03
2.581788897590607121e+03
2.579391741137946610e+03
2.579391741137946610e+03
2.579391741137946610e+03
2.580786729259110416e+03
2.580786729259110416e+03
2.580786729259110416e+03
2.580786729259110416e+03
2.580786729259110416e+03
2.582891707423364096e+03
2.582891707423364096e+03
2.582891707423364096e+03
2.582891707423364096e+03
2.582891707423364096e+03
2.582891707423364096e+03
2.582891707423364096e+03
2.582891707423364096e+03
2.582891707423364096e+03
2.585142577554625859e+03
2.584896719254637446e+03
2.584896719254637446e+03
2.584896719254637446e+03
2.585558093580966670e+03
2.585558093580966670e+03
2.585558093580966670e+03
2.584759738593039401e+03
2.584759738593039401e+03
2.584759738593039401e+03
2.587413507434231178e+03
2.587413507434231178e+03
2.587413507434231178e+03
2.585540327941379473e+03
2.583796559213686123e+03
2.584376090013086014e+03
2.582488578193334433e+03
2.582488578193334433e+03
2.585330123102883590e+03
2.585330123102883590e+03
2.585330123102883590e+03
2.586352911610570573e+03
2.586551222426955064e+03
2.586551222426955064e+03
2.586551222426955064e+03
2.586551222426955064e+03
2.580869887374074096e+03
2.580869887374074096e+03
2.580869887374074096e+03
2.580869887374074096e+03
2.582184632529982991e+03
2.582184632529982991e+03
2.582905345202773788e+03
2.582905345202773788e+03
2.579295203552930616e+03
2.579295203552930616e+03
2.582044172485060699e+03
2.582044172485060699e+03
2.582044172485060699e+03
2.583971616062164685e+03
2.583971616062164685e+03
2.583971616062164685e+03
2.583971616062164685e+03
2.583971616062164685e+03
2.583971616062164685e+03
2.580363922929402179e+03
2.580363922929402179e+03
2.580363922929402179e+03
2.580363922929402179e+03
2.580363922929402179e+03
2.580363922929402179e+03
2.581943574813800296e+03
2.583396987903719491e+03
2.583396987903719491e+03
2.584637790626409242e+03
2.581958099882335318e+03
2.581958099882335318e+03
2.581958099882335318e+03
2.581958099882335318e+03
2.580820073420929930e+03
2.580820073420929930e+03
2.580820073420929930e+03
2.580022014994245183e+03
2.580600751578160725e+03
2.580600751578160725e+03
2.580600751578160725e+03
2.580600751578160725e+03
2.580600751578160725e+03
2.580600751578160725e+03
2.582771991249140228e+03
2.582771991249140228e+03
2.585327909612263284e+03
2.583538604254651091e+03
2.583538604254651091e+03
2.580801274430971716e+03
2.580801274430971716e+03
2.580801274430971716e+03
2.580801274430971716e+03
2.580801274430971716e+03
2.580801274430971716e+03
2.580801274430971716e+03
2.580801274430971716e+03
2.580801274430971716e+03
2.583434833956351213e+03
2.580668490521830790e+03
2.580668490521830790e+03
2.580668490521830790e+03
2.580668490521830790e+03
2.581379552595212772e+03
2.581379552595212772e+03
2.581379552595212772e+03
2.581379552595212772e+03
2.581379552595212772e+03
2.582259162250271856e+03
2.582259162250271856e+03
2.582529009666789534e+03
2.583753191790980054e+03
2.583753191790980054e+03
2.583753191790980054e+03
2.582100615302940696e+03
2.582100615302940696e+03
2.582100615302940696e+03
2.582392986080928495e+03
2.578123927885943431e+03
2.578123927885943431e+03
2.578830279957932362e+03
2.578142352136061163e+03
2.578142352136061163e+03
2.578142352136061163e+03
2.578142352136061163e+03
2.580948960273035937e+03
2.580948960273035937e+03
2.580948960273035937e+03
2.580948960273035937e+03
2.580948960273035937e+03
2.580948960273035937e+03
2.580948960273035937e+03
2.580316113324201979e+03
2.580697188767674561e+03
2.580697188767674561e+03
2.580697188767674561e+03
2.580697188767674561e+03
2.580697188767674561e+03
2.584810817496876552e+03
2.583736409457661466e+03
2.583736409457661466e+03
2.583736409457661466e+03
2.583736409457661466e+03
2.583736409457661466e+03
2.583736409457661466e+03
2.583736409457661466e+03
2.583736409457661466e+03
2.583736409457661466e+03
2.585016653330420013e+03
2.585016653330420013e+03
2.585016653330420013e+03
2.577933663672768034e+03
2.577933663672768034e+03
2.577933663672768034e+03
2.577933663672768034e+03
2.577933663672768034e+03
2.577933663672768034e+03
2.577933663672768034e+03
2.577933663672768034e+03
2.577933663672768034e+03
2.577933663672768034e+03
2.577933663672768034e+03
2.579235767122516791e+03
2.579235767122516791e+03
2.579235767122516791e+03
2.579235767122516791e+03
2.579235767122516791e+03
2.579235767122516791e+03
2.579235767122516791e+03
2.579235767122516791e+03
2.579235767122516791e+03
2.579235767122516791e+03
2.579235767122516791e+03
2.579235767122516791e+03
2.579235767122516791e+03
2.579235767122516791e+03
2.579235767122516791e+03
2.579235767122516791e+03
2.579235767122516791e+03
2.579235767122516791e+03
2.580321987037053532e+03
2.579372152654004822e+03
2.579372152654004822e+03
2.579372152654004822e+03
2.579372152654004822e+03
2.579372152654004822e+03
2.579372152654004822e+03
2.579372152654004822e+03
2.579372152654004822e+03
2.579450272681388014e+03
2.579450272681388014e+03
2.579450272681388014e+03
2.579450272681388014e+03
2.579450272681388014e+03
2.579450272681388014e+03
2.580592569281068791e+03
2.580592569281068791e+03
2.580455911430236029e+03
2.580455911430236029e+03
2.580533973086616243e+03
2.580533973086616243e+03
2.580533973086616243e+03
2.580533973086616243e+03
2.580533973086616243e+03
2.580533973086616243e+03
2.580533973086616243e+03
2.580533973086616243e+03
2.580533973086616243e+03
2.579132187303644059e+03
2.579132187303644059e+03
2.579132187303644059e+03
2.579132187303644059e+03
2.580522519227675730e+03
2.580522519227675730e+03
2.580513764600568265e+03
2.580513764600568265e+03
2.580513764600568265e+03
2.580513764600568265e+03
2.580513764600568265e+03
2.580513764600568265e+03
2.586566340100177513e+03
2.586566340100177513e+03
2.583436382873132516e+03
2.583436382873132516e+03
2.582132844505430967e+03
2.582132844505430967e+03
2.582132844505430967e+03
2.583173855860737604e+03
2.583173855860737604e+03
2.578154326372897231e+03
2.578154326372897231e+03
2.578154326372897231e+03
2.578154326372897231e+03
2.578154326372897231e+03
2.578154326372897231e+03
2.578154326372897231e+03
2.578154326372897231e+03
2.578154326372897231e+03
2.578154326372897231e+03
2.578154326372897231e+03
2.579729205496041686e+03
2.579729205496041686e+03
2.581765193303207070e+03
2.581765193303207070e+03
2.580269154932690981e+03
2.580269154932690981e+03
2.578514481841231373e+03
2.578514481841231373e+03
2.578514481841231373e+03
2.578514481841231373e+03
2.578514481841231373e+03
2.578514481841231373e+03
2.578514481841231373e+03
2.578514481841231373e+03
2.578514481841231373e+03
2.577536156308328827e+03
2.578509828414346430e+03
2.576802021017182142e+03
2.577957213474147920e+03
2.580682160761403793e+03
2.582131659403189587e+03
2.581516785559639175e+03
2.582184974112569762e+03
2.582184974112569762e+03
2.580330152292942330e+03
2.580330152292942330e+03
2.578470027483204831e+03
